> ===> Минимизация методом Гаусса-Зейделя <==
   |Начальная точка x0: (0; 0)
   |Шаг h: (1; 1) 
   |Точность eps: 0,1 
> Минимазация по каждой координате
  X:
    3. ak = 0,03
    4. x[k+1].X=x[k].X + ak*h.X = 0,00 + 0,03 * 1,00 = 0,03
  Y
    3. ak = 0,03
    4. x[k+1].Y=x[k].Y + ak*h.Y = 0,00 + 0,03 * 1,00 = 0,03
> x[k+1]==x[k]
  9. Уменьшаем шаг: h = 0,10 * (1; 1) = (0,1; 0,1)
  Переход на шаг 3
> Минимазация по каждой координате
  X:
    3. ak = 0,06
    4. x[k+1].X=x[k].X + ak*h.X = 0,03 + 0,06 * 0,10 = 0,04
  Y
    3. ak = 0,06
    4. x[k+1].Y=x[k].Y + ak*h.Y = 0,03 + 0,06 * 0,10 = 0,04
> x[k+1]==x[k]
  9. Уменьшаем шаг: h = 0,10 * (0,1; 0,1) = (0,01; 0,01)
  Переход на шаг 3
> Минимазация по каждой координате
  X:
    3. ak = 0,07
    4. x[k+1].X=x[k].X + ak*h.X = 0,04 + 0,07 * 0,01 = 0,04
  Y
    3. ak = 0,07
    4. x[k+1].Y=x[k].Y + ak*h.Y = 0,04 + 0,07 * 0,01 = 0,04
> x[k+1]==x[k]
> ||h|| = 0,01 < eps
> Минимум найден: (0,0377618767126186; 0,0377618767126186)
> ===> Минимизация методом Гаусса-Зейделя <==
   |Начальная точка x0: (0; 0)
   |Шаг h: (1; 1) 
   |Точность eps: 0,1 
> Минимазация по каждой координате
  X:
    3. ak = 4,99
    4. x[k+1].X=x[k].X + ak*h.X = 0,00 + 4,99 * 1,00 = 4,99
  Y
    3. ak = -42 904 985 507 797 900 000 000 000 000 000 000 000 000 000 000 000 000 000 000 000 000 000 000 000 000 000 000 000 000 000 000 000 000 000 000 000 000 000 000 000 000 000 000 000 000 000 000 000 000 000 000,00
    4. x[k+1].Y=x[k].Y + ak*h.Y = 0,00 + -42 904 985 507 797 900 000 000 000 000 000 000 000 000 000 000 000 000 000 000 000 000 000 000 000 000 000 000 000 000 000 000 000 000 000 000 000 000 000 000 000 000 000 000 000 000 000 000 000 000 000 000,00 * 1,00 = -42 904 985 507 797 900 000 000 000 000 000 000 000 000 000 000 000 000 000 000 000 000 000 000 000 000 000 000 000 000 000 000 000 000 000 000 000 000 000 000 000 000 000 000 000 000 000 000 000 000 000 000,00
> Минимазация по каждой координате
  X:
    3. ak = 4,96
    4. x[k+1].X=x[k].X + ak*h.X = 4,99 + 4,96 * 1,00 = 9,96
  Y
    3. ak = -42 904 985 507 797 900 000 000 000 000 000 000 000 000 000 000 000 000 000 000 000 000 000 000 000 000 000 000 000 000 000 000 000 000 000 000 000 000 000 000 000 000 000 000 000 000 000 000 000 000 000 000,00
    4. x[k+1].Y=x[k].Y + ak*h.Y = -42 904 985 507 797 900 000 000 000 000 000 000 000 000 000 000 000 000 000 000 000 000 000 000 000 000 000 000 000 000 000 000 000 000 000 000 000 000 000 000 000 000 000 000 000 000 000 000 000 000 000 000,00 + -42 904 985 507 797 900 000 000 000 000 000 000 000 000 000 000 000 000 000 000 000 000 000 000 000 000 000 000 000 000 000 000 000 000 000 000 000 000 000 000 000 000 000 000 000 000 000 000 000 000 000 000,00 * 1,00 = -85 809 971 015 595 700 000 000 000 000 000 000 000 000 000 000 000 000 000 000 000 000 000 000 000 000 000 000 000 000 000 000 000 000 000 000 000 000 000 000 000 000 000 000 000 000 000 000 000 000 000 000,00
> Минимазация по каждой координате
  X:
    3. ak = 9,93
    4. x[k+1].X=x[k].X + ak*h.X = 9,96 + 9,93 * 1,00 = 19,88
  Y
    3. ak = -85 809 971 015 595 700 000 000 000 000 000 000 000 000 000 000 000 000 000 000 000 000 000 000 000 000 000 000 000 000 000 000 000 000 000 000 000 000 000 000 000 000 000 000 000 000 000 000 000 000 000 000,00
    4. x[k+1].Y=x[k].Y + ak*h.Y = -85 809 971 015 595 700 000 000 000 000 000 000 000 000 000 000 000 000 000 000 000 000 000 000 000 000 000 000 000 000 000 000 000 000 000 000 000 000 000 000 000 000 000 000 000 000 000 000 000 000 000 000,00 + -85 809 971 015 595 700 000 000 000 000 000 000 000 000 000 000 000 000 000 000 000 000 000 000 000 000 000 000 000 000 000 000 000 000 000 000 000 000 000 000 000 000 000 000 000 000 000 000 000 000 000 000,00 * 1,00 = -171 619 942 031 191 000 000 000 000 000 000 000 000 000 000 000 000 000 000 000 000 000 000 000 000 000 000 000 000 000 000 000 000 000 000 000 000 000 000 000 000 000 000 000 000 000 000 000 000 000 000 000,00
> Минимазация по каждой координате
  X:
    3. ak = 19,85
    4. x[k+1].X=x[k].X + ak*h.X = 19,88 + 19,85 * 1,00 = 39,74
  Y
    3. ak = -171 619 942 031 191 000 000 000 000 000 000 000 000 000 000 000 000 000 000 000 000 000 000 000 000 000 000 000 000 000 000 000 000 000 000 000 000 000 000 000 000 000 000 000 000 000 000 000 000 000 000 000,00
    4. x[k+1].Y=x[k].Y + ak*h.Y = -171 619 942 031 191 000 000 000 000 000 000 000 000 000 000 000 000 000 000 000 000 000 000 000 000 000 000 000 000 000 000 000 000 000 000 000 000 000 000 000 000 000 000 000 000 000 000 000 000 000 000 000,00 + -171 619 942 031 191 000 000 000 000 000 000 000 000 000 000 000 000 000 000 000 000 000 000 000 000 000 000 000 000 000 000 000 000 000 000 000 000 000 000 000 000 000 000 000 000 000 000 000 000 000 000 000,00 * 1,00 = -343 239 884 062 383 000 000 000 000 000 000 000 000 000 000 000 000 000 000 000 000 000 000 000 000 000 000 000 000 000 000 000 000 000 000 000 000 000 000 000 000 000 000 000 000 000 000 000 000 000 000 000,00
> Минимазация по каждой координате
  X:
    3. ak = 39,71
    4. x[k+1].X=x[k].X + ak*h.X = 39,74 + 39,71 * 1,00 = 79,45
  Y
    3. ak = -343 239 884 062 383 000 000 000 000 000 000 000 000 000 000 000 000 000 000 000 000 000 000 000 000 000 000 000 000 000 000 000 000 000 000 000 000 000 000 000 000 000 000 000 000 000 000 000 000 000 000 000,00
    4. x[k+1].Y=x[k].Y + ak*h.Y = -343 239 884 062 383 000 000 000 000 000 000 000 000 000 000 000 000 000 000 000 000 000 000 000 000 000 000 000 000 000 000 000 000 000 000 000 000 000 000 000 000 000 000 000 000 000 000 000 000 000 000 000,00 + -343 239 884 062 383 000 000 000 000 000 000 000 000 000 000 000 000 000 000 000 000 000 000 000 000 000 000 000 000 000 000 000 000 000 000 000 000 000 000 000 000 000 000 000 000 000 000 000 000 000 000 000,00 * 1,00 = -686 479 768 124 766 000 000 000 000 000 000 000 000 000 000 000 000 000 000 000 000 000 000 000 000 000 000 000 000 000 000 000 000 000 000 000 000 000 000 000 000 000 000 000 000 000 000 000 000 000 000 000,00
> Минимазация по каждой координате
  X:
    3. ak = 79,42
    4. x[k+1].X=x[k].X + ak*h.X = 79,45 + 79,42 * 1,00 = 158,86
  Y
    3. ak = -686 479 768 124 766 000 000 000 000 000 000 000 000 000 000 000 000 000 000 000 000 000 000 000 000 000 000 000 000 000 000 000 000 000 000 000 000 000 000 000 000 000 000 000 000 000 000 000 000 000 000 000,00
    4. x[k+1].Y=x[k].Y + ak*h.Y = -686 479 768 124 766 000 000 000 000 000 000 000 000 000 000 000 000 000 000 000 000 000 000 000 000 000 000 000 000 000 000 000 000 000 000 000 000 000 000 000 000 000 000 000 000 000 000 000 000 000 000 000,00 + -686 479 768 124 766 000 000 000 000 000 000 000 000 000 000 000 000 000 000 000 000 000 000 000 000 000 000 000 000 000 000 000 000 000 000 000 000 000 000 000 000 000 000 000 000 000 000 000 000 000 000 000,00 * 1,00 = -1 372 959 536 249 530 000 000 000 000 000 000 000 000 000 000 000 000 000 000 000 000 000 000 000 000 000 000 000 000 000 000 000 000 000 000 000 000 000 000 000 000 000 000 000 000 000 000 000 000 000 000 000,00
> Минимазация по каждой координате
  X:
    3. ak = 158,83
    4. x[k+1].X=x[k].X + ak*h.X = 158,86 + 158,83 * 1,00 = 317,70
  Y
    3. ak = -1 372 959 536 249 530 000 000 000 000 000 000 000 000 000 000 000 000 000 000 000 000 000 000 000 000 000 000 000 000 000 000 000 000 000 000 000 000 000 000 000 000 000 000 000 000 000 000 000 000 000 000 000,00
    4. x[k+1].Y=x[k].Y + ak*h.Y = -1 372 959 536 249 530 000 000 000 000 000 000 000 000 000 000 000 000 000 000 000 000 000 000 000 000 000 000 000 000 000 000 000 000 000 000 000 000 000 000 000 000 000 000 000 000 000 000 000 000 000 000 000,00 + -1 372 959 536 249 530 000 000 000 000 000 000 000 000 000 000 000 000 000 000 000 000 000 000 000 000 000 000 000 000 000 000 000 000 000 000 000 000 000 000 000 000 000 000 000 000 000 000 000 000 000 000 000,00 * 1,00 = -2 745 919 072 499 060 000 000 000 000 000 000 000 000 000 000 000 000 000 000 000 000 000 000 000 000 000 000 000 000 000 000 000 000 000 000 000 000 000 000 000 000 000 000 000 000 000 000 000 000 000 000 000,00
> Минимазация по каждой координате
  X:
    3. ak = 317,66
    4. x[k+1].X=x[k].X + ak*h.X = 317,70 + 317,66 * 1,00 = 635,36
  Y
    3. ak = -2 745 919 072 499 060 000 000 000 000 000 000 000 000 000 000 000 000 000 000 000 000 000 000 000 000 000 000 000 000 000 000 000 000 000 000 000 000 000 000 000 000 000 000 000 000 000 000 000 000 000 000 000,00
    4. x[k+1].Y=x[k].Y + ak*h.Y = -2 745 919 072 499 060 000 000 000 000 000 000 000 000 000 000 000 000 000 000 000 000 000 000 000 000 000 000 000 000 000 000 000 000 000 000 000 000 000 000 000 000 000 000 000 000 000 000 000 000 000 000 000,00 + -2 745 919 072 499 060 000 000 000 000 000 000 000 000 000 000 000 000 000 000 000 000 000 000 000 000 000 000 000 000 000 000 000 000 000 000 000 000 000 000 000 000 000 000 000 000 000 000 000 000 000 000 000,00 * 1,00 = -5 491 838 144 998 130 000 000 000 000 000 000 000 000 000 000 000 000 000 000 000 000 000 000 000 000 000 000 000 000 000 000 000 000 000 000 000 000 000 000 000 000 000 000 000 000 000 000 000 000 000 000 000,00
> Минимазация по каждой координате
  X:
    3. ak = 635,33
    4. x[k+1].X=x[k].X + ak*h.X = 635,36 + 635,33 * 1,00 = 1 270,69
  Y
    3. ak = -5 491 838 144 998 130 000 000 000 000 000 000 000 000 000 000 000 000 000 000 000 000 000 000 000 000 000 000 000 000 000 000 000 000 000 000 000 000 000 000 000 000 000 000 000 000 000 000 000 000 000 000 000,00
    4. x[k+1].Y=x[k].Y + ak*h.Y = -5 491 838 144 998 130 000 000 000 000 000 000 000 000 000 000 000 000 000 000 000 000 000 000 000 000 000 000 000 000 000 000 000 000 000 000 000 000 000 000 000 000 000 000 000 000 000 000 000 000 000 000 000,00 + -5 491 838 144 998 130 000 000 000 000 000 000 000 000 000 000 000 000 000 000 000 000 000 000 000 000 000 000 000 000 000 000 000 000 000 000 000 000 000 000 000 000 000 000 000 000 000 000 000 000 000 000 000,00 * 1,00 = -10 983 676 289 996 300 000 000 000 000 000 000 000 000 000 000 000 000 000 000 000 000 000 000 000 000 000 000 000 000 000 000 000 000 000 000 000 000 000 000 000 000 000 000 000 000 000 000 000 000 000 000 000,00
> Минимазация по каждой координате
  X:
    3. ak = 1 270,66
    4. x[k+1].X=x[k].X + ak*h.X = 1 270,69 + 1 270,66 * 1,00 = 2 541,35
  Y
    3. ak = -10 983 676 289 996 300 000 000 000 000 000 000 000 000 000 000 000 000 000 000 000 000 000 000 000 000 000 000 000 000 000 000 000 000 000 000 000 000 000 000 000 000 000 000 000 000 000 000 000 000 000 000 000,00
    4. x[k+1].Y=x[k].Y + ak*h.Y = -10 983 676 289 996 300 000 000 000 000 000 000 000 000 000 000 000 000 000 000 000 000 000 000 000 000 000 000 000 000 000 000 000 000 000 000 000 000 000 000 000 000 000 000 000 000 000 000 000 000 000 000 000,00 + -10 983 676 289 996 300 000 000 000 000 000 000 000 000 000 000 000 000 000 000 000 000 000 000 000 000 000 000 000 000 000 000 000 000 000 000 000 000 000 000 000 000 000 000 000 000 000 000 000 000 000 000 000,00 * 1,00 = -21 967 352 579 992 500 000 000 000 000 000 000 000 000 000 000 000 000 000 000 000 000 000 000 000 000 000 000 000 000 000 000 000 000 000 000 000 000 000 000 000 000 000 000 000 000 000 000 000 000 000 000 000,00
> Минимазация по каждой координате
  X:
    3. ak = 2 541,32
    4. x[k+1].X=x[k].X + ak*h.X = 2 541,35 + 2 541,32 * 1,00 = 5 082,66
  Y
    3. ak = -21 967 352 579 992 500 000 000 000 000 000 000 000 000 000 000 000 000 000 000 000 000 000 000 000 000 000 000 000 000 000 000 000 000 000 000 000 000 000 000 000 000 000 000 000 000 000 000 000 000 000 000 000,00
    4. x[k+1].Y=x[k].Y + ak*h.Y = -21 967 352 579 992 500 000 000 000 000 000 000 000 000 000 000 000 000 000 000 000 000 000 000 000 000 000 000 000 000 000 000 000 000 000 000 000 000 000 000 000 000 000 000 000 000 000 000 000 000 000 000 000,00 + -21 967 352 579 992 500 000 000 000 000 000 000 000 000 000 000 000 000 000 000 000 000 000 000 000 000 000 000 000 000 000 000 000 000 000 000 000 000 000 000 000 000 000 000 000 000 000 000 000 000 000 000 000,00 * 1,00 = -43 934 705 159 985 000 000 000 000 000 000 000 000 000 000 000 000 000 000 000 000 000 000 000 000 000 000 000 000 000 000 000 000 000 000 000 000 000 000 000 000 000 000 000 000 000 000 000 000 000 000 000 000,00
> Минимазация по каждой координате
  X:
    3. ak = 5 082,63
    4. x[k+1].X=x[k].X + ak*h.X = 5 082,66 + 5 082,63 * 1,00 = 10 165,30
  Y
    3. ak = -43 934 705 159 985 000 000 000 000 000 000 000 000 000 000 000 000 000 000 000 000 000 000 000 000 000 000 000 000 000 000 000 000 000 000 000 000 000 000 000 000 000 000 000 000 000 000 000 000 000 000 000 000,00
    4. x[k+1].Y=x[k].Y + ak*h.Y = -43 934 705 159 985 000 000 000 000 000 000 000 000 000 000 000 000 000 000 000 000 000 000 000 000 000 000 000 000 000 000 000 000 000 000 000 000 000 000 000 000 000 000 000 000 000 000 000 000 000 000 000 000,00 + -43 934 705 159 985 000 000 000 000 000 000 000 000 000 000 000 000 000 000 000 000 000 000 000 000 000 000 000 000 000 000 000 000 000 000 000 000 000 000 000 000 000 000 000 000 000 000 000 000 000 000 000 000,00 * 1,00 = -87 869 410 319 970 000 000 000 000 000 000 000 000 000 000 000 000 000 000 000 000 000 000 000 000 000 000 000 000 000 000 000 000 000 000 000 000 000 000 000 000 000 000 000 000 000 000 000 000 000 000 000 000,00
> Минимазация по каждой координате
  X:
    3. ak = 10 165,26
    4. x[k+1].X=x[k].X + ak*h.X = 10 165,30 + 10 165,26 * 1,00 = 20 330,56
  Y
    3. ak = -87 869 410 319 970 000 000 000 000 000 000 000 000 000 000 000 000 000 000 000 000 000 000 000 000 000 000 000 000 000 000 000 000 000 000 000 000 000 000 000 000 000 000 000 000 000 000 000 000 000 000 000 000,00
    4. x[k+1].Y=x[k].Y + ak*h.Y = -87 869 410 319 970 000 000 000 000 000 000 000 000 000 000 000 000 000 000 000 000 000 000 000 000 000 000 000 000 000 000 000 000 000 000 000 000 000 000 000 000 000 000 000 000 000 000 000 000 000 000 000 000,00 + -87 869 410 319 970 000 000 000 000 000 000 000 000 000 000 000 000 000 000 000 000 000 000 000 000 000 000 000 000 000 000 000 000 000 000 000 000 000 000 000 000 000 000 000 000 000 000 000 000 000 000 000 000,00 * 1,00 = -175 738 820 639 940 000 000 000 000 000 000 000 000 000 000 000 000 000 000 000 000 000 000 000 000 000 000 000 000 000 000 000 000 000 000 000 000 000 000 000 000 000 000 000 000 000 000 000 000 000 000 000 000,00
> Минимазация по каждой координате
  X:
    3. ak = 20 330,53
    4. x[k+1].X=x[k].X + ak*h.X = 20 330,56 + 20 330,53 * 1,00 = 40 661,09
  Y
    3. ak = -175 738 820 639 940 000 000 000 000 000 000 000 000 000 000 000 000 000 000 000 000 000 000 000 000 000 000 000 000 000 000 000 000 000 000 000 000 000 000 000 000 000 000 000 000 000 000 000 000 000 000 000 000,00
    4. x[k+1].Y=x[k].Y + ak*h.Y = -175 738 820 639 940 000 000 000 000 000 000 000 000 000 000 000 000 000 000 000 000 000 000 000 000 000 000 000 000 000 000 000 000 000 000 000 000 000 000 000 000 000 000 000 000 000 000 000 000 000 000 000 000,00 + -175 738 820 639 940 000 000 000 000 000 000 000 000 000 000 000 000 000 000 000 000 000 000 000 000 000 000 000 000 000 000 000 000 000 000 000 000 000 000 000 000 000 000 000 000 000 000 000 000 000 000 000 000,00 * 1,00 = -351 477 641 279 880 000 000 000 000 000 000 000 000 000 000 000 000 000 000 000 000 000 000 000 000 000 000 000 000 000 000 000 000 000 000 000 000 000 000 000 000 000 000 000 000 000 000 000 000 000 000 000 000,00
> Минимазация по каждой координате
  X:
    3. ak = 40 661,06
    4. x[k+1].X=x[k].X + ak*h.X = 40 661,09 + 40 661,06 * 1,00 = 81 322,15
  Y
    3. ak = -351 477 641 279 880 000 000 000 000 000 000 000 000 000 000 000 000 000 000 000 000 000 000 000 000 000 000 000 000 000 000 000 000 000 000 000 000 000 000 000 000 000 000 000 000 000 000 000 000 000 000 000 000,00
    4. x[k+1].Y=x[k].Y + ak*h.Y = -351 477 641 279 880 000 000 000 000 000 000 000 000 000 000 000 000 000 000 000 000 000 000 000 000 000 000 000 000 000 000 000 000 000 000 000 000 000 000 000 000 000 000 000 000 000 000 000 000 000 000 000 000,00 + -351 477 641 279 880 000 000 000 000 000 000 000 000 000 000 000 000 000 000 000 000 000 000 000 000 000 000 000 000 000 000 000 000 000 000 000 000 000 000 000 000 000 000 000 000 000 000 000 000 000 000 000 000,00 * 1,00 = -702 955 282 559 760 000 000 000 000 000 000 000 000 000 000 000 000 000 000 000 000 000 000 000 000 000 000 000 000 000 000 000 000 000 000 000 000 000 000 000 000 000 000 000 000 000 000 000 000 000 000 000 000,00
> Минимазация по каждой координате
  X:
    3. ak = 81 322,12
    4. x[k+1].X=x[k].X + ak*h.X = 81 322,15 + 81 322,12 * 1,00 = 162 644,27
  Y
    3. ak = -702 955 282 559 760 000 000 000 000 000 000 000 000 000 000 000 000 000 000 000 000 000 000 000 000 000 000 000 000 000 000 000 000 000 000 000 000 000 000 000 000 000 000 000 000 000 000 000 000 000 000 000 000,00
    4. x[k+1].Y=x[k].Y + ak*h.Y = -702 955 282 559 760 000 000 000 000 000 000 000 000 000 000 000 000 000 000 000 000 000 000 000 000 000 000 000 000 000 000 000 000 000 000 000 000 000 000 000 000 000 000 000 000 000 000 000 000 000 000 000 000,00 + -702 955 282 559 760 000 000 000 000 000 000 000 000 000 000 000 000 000 000 000 000 000 000 000 000 000 000 000 000 000 000 000 000 000 000 000 000 000 000 000 000 000 000 000 000 000 000 000 000 000 000 000 000,00 * 1,00 = -1 405 910 565 119 520 000 000 000 000 000 000 000 000 000 000 000 000 000 000 000 000 000 000 000 000 000 000 000 000 000 000 000 000 000 000 000 000 000 000 000 000 000 000 000 000 000 000 000 000 000 000 000 000,00
> Минимазация по каждой координате
  X:
    3. ak = 162 644,24
    4. x[k+1].X=x[k].X + ak*h.X = 162 644,27 + 162 644,24 * 1,00 = 325 288,50
  Y
    3. ak = -1 405 910 565 119 520 000 000 000 000 000 000 000 000 000 000 000 000 000 000 000 000 000 000 000 000 000 000 000 000 000 000 000 000 000 000 000 000 000 000 000 000 000 000 000 000 000 000 000 000 000 000 000 000,00
    4. x[k+1].Y=x[k].Y + ak*h.Y = -1 405 910 565 119 520 000 000 000 000 000 000 000 000 000 000 000 000 000 000 000 000 000 000 000 000 000 000 000 000 000 000 000 000 000 000 000 000 000 000 000 000 000 000 000 000 000 000 000 000 000 000 000 000,00 + -1 405 910 565 119 520 000 000 000 000 000 000 000 000 000 000 000 000 000 000 000 000 000 000 000 000 000 000 000 000 000 000 000 000 000 000 000 000 000 000 000 000 000 000 000 000 000 000 000 000 000 000 000 000,00 * 1,00 = -2 811 821 130 239 040 000 000 000 000 000 000 000 000 000 000 000 000 000 000 000 000 000 000 000 000 000 000 000 000 000 000 000 000 000 000 000 000 000 000 000 000 000 000 000 000 000 000 000 000 000 000 000 000,00
> Минимазация по каждой координате
  X:
    3. ak = 325 288,47
    4. x[k+1].X=x[k].X + ak*h.X = 325 288,50 + 325 288,47 * 1,00 = 650 576,98
  Y
    3. ak = -2 811 821 130 239 040 000 000 000 000 000 000 000 000 000 000 000 000 000 000 000 000 000 000 000 000 000 000 000 000 000 000 000 000 000 000 000 000 000 000 000 000 000 000 000 000 000 000 000 000 000 000 000 000,00
    4. x[k+1].Y=x[k].Y + ak*h.Y = -2 811 821 130 239 040 000 000 000 000 000 000 000 000 000 000 000 000 000 000 000 000 000 000 000 000 000 000 000 000 000 000 000 000 000 000 000 000 000 000 000 000 000 000 000 000 000 000 000 000 000 000 000 000,00 + -2 811 821 130 239 040 000 000 000 000 000 000 000 000 000 000 000 000 000 000 000 000 000 000 000 000 000 000 000 000 000 000 000 000 000 000 000 000 000 000 000 000 000 000 000 000 000 000 000 000 000 000 000 000,00 * 1,00 = -5 623 642 260 478 080 000 000 000 000 000 000 000 000 000 000 000 000 000 000 000 000 000 000 000 000 000 000 000 000 000 000 000 000 000 000 000 000 000 000 000 000 000 000 000 000 000 000 000 000 000 000 000 000,00
> Минимазация по каждой координате
  X:
    3. ak = 650 576,94
    4. x[k+1].X=x[k].X + ak*h.X = 650 576,98 + 650 576,94 * 1,00 = 1 301 153,92
  Y
    3. ak = -5 623 642 260 478 080 000 000 000 000 000 000 000 000 000 000 000 000 000 000 000 000 000 000 000 000 000 000 000 000 000 000 000 000 000 000 000 000 000 000 000 000 000 000 000 000 000 000 000 000 000 000 000 000,00
    4. x[k+1].Y=x[k].Y + ak*h.Y = -5 623 642 260 478 080 000 000 000 000 000 000 000 000 000 000 000 000 000 000 000 000 000 000 000 000 000 000 000 000 000 000 000 000 000 000 000 000 000 000 000 000 000 000 000 000 000 000 000 000 000 000 000 000,00 + -5 623 642 260 478 080 000 000 000 000 000 000 000 000 000 000 000 000 000 000 000 000 000 000 000 000 000 000 000 000 000 000 000 000 000 000 000 000 000 000 000 000 000 000 000 000 000 000 000 000 000 000 000 000,00 * 1,00 = -11 247 284 520 956 200 000 000 000 000 000 000 000 000 000 000 000 000 000 000 000 000 000 000 000 000 000 000 000 000 000 000 000 000 000 000 000 000 000 000 000 000 000 000 000 000 000 000 000 000 000 000 000 000,00
> Минимазация по каждой координате
  X:
    3. ak = 1 301 153,89
    4. x[k+1].X=x[k].X + ak*h.X = 1 301 153,92 + 1 301 153,89 * 1,00 = 2 602 307,81
  Y
    3. ak = -11 247 284 520 956 200 000 000 000 000 000 000 000 000 000 000 000 000 000 000 000 000 000 000 000 000 000 000 000 000 000 000 000 000 000 000 000 000 000 000 000 000 000 000 000 000 000 000 000 000 000 000 000 000,00
    4. x[k+1].Y=x[k].Y + ak*h.Y = -11 247 284 520 956 200 000 000 000 000 000 000 000 000 000 000 000 000 000 000 000 000 000 000 000 000 000 000 000 000 000 000 000 000 000 000 000 000 000 000 000 000 000 000 000 000 000 000 000 000 000 000 000 000,00 + -11 247 284 520 956 200 000 000 000 000 000 000 000 000 000 000 000 000 000 000 000 000 000 000 000 000 000 000 000 000 000 000 000 000 000 000 000 000 000 000 000 000 000 000 000 000 000 000 000 000 000 000 000 000,00 * 1,00 = -22 494 569 041 912 300 000 000 000 000 000 000 000 000 000 000 000 000 000 000 000 000 000 000 000 000 000 000 000 000 000 000 000 000 000 000 000 000 000 000 000 000 000 000 000 000 000 000 000 000 000 000 000 000,00
> Минимазация по каждой координате
  X:
    3. ak = 2 602 307,78
    4. x[k+1].X=x[k].X + ak*h.X = 2 602 307,81 + 2 602 307,78 * 1,00 = 5 204 615,59
  Y
    3. ak = -22 494 569 041 912 300 000 000 000 000 000 000 000 000 000 000 000 000 000 000 000 000 000 000 000 000 000 000 000 000 000 000 000 000 000 000 000 000 000 000 000 000 000 000 000 000 000 000 000 000 000 000 000 000,00
    4. x[k+1].Y=x[k].Y + ak*h.Y = -22 494 569 041 912 300 000 000 000 000 000 000 000 000 000 000 000 000 000 000 000 000 000 000 000 000 000 000 000 000 000 000 000 000 000 000 000 000 000 000 000 000 000 000 000 000 000 000 000 000 000 000 000 000,00 + -22 494 569 041 912 300 000 000 000 000 000 000 000 000 000 000 000 000 000 000 000 000 000 000 000 000 000 000 000 000 000 000 000 000 000 000 000 000 000 000 000 000 000 000 000 000 000 000 000 000 000 000 000 000,00 * 1,00 = -44 989 138 083 824 700 000 000 000 000 000 000 000 000 000 000 000 000 000 000 000 000 000 000 000 000 000 000 000 000 000 000 000 000 000 000 000 000 000 000 000 000 000 000 000 000 000 000 000 000 000 000 000 000,00
> Минимазация по каждой координате
  X:
    3. ak = 5 204 615,56
    4. x[k+1].X=x[k].X + ak*h.X = 5 204 615,59 + 5 204 615,56 * 1,00 = 10 409 231,15
  Y
    3. ak = -44 989 138 083 824 700 000 000 000 000 000 000 000 000 000 000 000 000 000 000 000 000 000 000 000 000 000 000 000 000 000 000 000 000 000 000 000 000 000 000 000 000 000 000 000 000 000 000 000 000 000 000 000 000,00
    4. x[k+1].Y=x[k].Y + ak*h.Y = -44 989 138 083 824 700 000 000 000 000 000 000 000 000 000 000 000 000 000 000 000 000 000 000 000 000 000 000 000 000 000 000 000 000 000 000 000 000 000 000 000 000 000 000 000 000 000 000 000 000 000 000 000 000,00 + -44 989 138 083 824 700 000 000 000 000 000 000 000 000 000 000 000 000 000 000 000 000 000 000 000 000 000 000 000 000 000 000 000 000 000 000 000 000 000 000 000 000 000 000 000 000 000 000 000 000 000 000 000 000,00 * 1,00 = -89 978 276 167 649 300 000 000 000 000 000 000 000 000 000 000 000 000 000 000 000 000 000 000 000 000 000 000 000 000 000 000 000 000 000 000 000 000 000 000 000 000 000 000 000 000 000 000 000 000 000 000 000 000,00
> Минимазация по каждой координате
  X:
    3. ak = 10 409 231,12
    4. x[k+1].X=x[k].X + ak*h.X = 10 409 231,15 + 10 409 231,12 * 1,00 = 20 818 462,26
  Y
    3. ak = -89 978 276 167 649 300 000 000 000 000 000 000 000 000 000 000 000 000 000 000 000 000 000 000 000 000 000 000 000 000 000 000 000 000 000 000 000 000 000 000 000 000 000 000 000 000 000 000 000 000 000 000 000 000,00
    4. x[k+1].Y=x[k].Y + ak*h.Y = -89 978 276 167 649 300 000 000 000 000 000 000 000 000 000 000 000 000 000 000 000 000 000 000 000 000 000 000 000 000 000 000 000 000 000 000 000 000 000 000 000 000 000 000 000 000 000 000 000 000 000 000 000 000,00 + -89 978 276 167 649 300 000 000 000 000 000 000 000 000 000 000 000 000 000 000 000 000 000 000 000 000 000 000 000 000 000 000 000 000 000 000 000 000 000 000 000 000 000 000 000 000 000 000 000 000 000 000 000 000,00 * 1,00 = -179 956 552 335 299 000 000 000 000 000 000 000 000 000 000 000 000 000 000 000 000 000 000 000 000 000 000 000 000 000 000 000 000 000 000 000 000 000 000 000 000 000 000 000 000 000 000 000 000 000 000 000 000 000,00
> Минимазация по каждой координате
  X:
    3. ak = 20 818 462,23
    4. x[k+1].X=x[k].X + ak*h.X = 20 818 462,26 + 20 818 462,23 * 1,00 = 41 636 924,50
  Y
    3. ak = -179 956 552 335 299 000 000 000 000 000 000 000 000 000 000 000 000 000 000 000 000 000 000 000 000 000 000 000 000 000 000 000 000 000 000 000 000 000 000 000 000 000 000 000 000 000 000 000 000 000 000 000 000 000,00
    4. x[k+1].Y=x[k].Y + ak*h.Y = -179 956 552 335 299 000 000 000 000 000 000 000 000 000 000 000 000 000 000 000 000 000 000 000 000 000 000 000 000 000 000 000 000 000 000 000 000 000 000 000 000 000 000 000 000 000 000 000 000 000 000 000 000 000,00 + -179 956 552 335 299 000 000 000 000 000 000 000 000 000 000 000 000 000 000 000 000 000 000 000 000 000 000 000 000 000 000 000 000 000 000 000 000 000 000 000 000 000 000 000 000 000 000 000 000 000 000 000 000 000,00 * 1,00 = -359 913 104 670 597 000 000 000 000 000 000 000 000 000 000 000 000 000 000 000 000 000 000 000 000 000 000 000 000 000 000 000 000 000 000 000 000 000 000 000 000 000 000 000 000 000 000 000 000 000 000 000 000 000,00
> Минимазация по каждой координате
  X:
    3. ak = 41 636 924,46
    4. x[k+1].X=x[k].X + ak*h.X = 41 636 924,50 + 41 636 924,46 * 1,00 = 83 273 848,96
  Y
    3. ak = -359 913 104 670 597 000 000 000 000 000 000 000 000 000 000 000 000 000 000 000 000 000 000 000 000 000 000 000 000 000 000 000 000 000 000 000 000 000 000 000 000 000 000 000 000 000 000 000 000 000 000 000 000 000,00
    4. x[k+1].Y=x[k].Y + ak*h.Y = -359 913 104 670 597 000 000 000 000 000 000 000 000 000 000 000 000 000 000 000 000 000 000 000 000 000 000 000 000 000 000 000 000 000 000 000 000 000 000 000 000 000 000 000 000 000 000 000 000 000 000 000 000 000,00 + -359 913 104 670 597 000 000 000 000 000 000 000 000 000 000 000 000 000 000 000 000 000 000 000 000 000 000 000 000 000 000 000 000 000 000 000 000 000 000 000 000 000 000 000 000 000 000 000 000 000 000 000 000 000,00 * 1,00 = -719 826 209 341 195 000 000 000 000 000 000 000 000 000 000 000 000 000 000 000 000 000 000 000 000 000 000 000 000 000 000 000 000 000 000 000 000 000 000 000 000 000 000 000 000 000 000 000 000 000 000 000 000 000,00
> Минимазация по каждой координате
  X:
    3. ak = 83 273 848,93
    4. x[k+1].X=x[k].X + ak*h.X = 83 273 848,96 + 83 273 848,93 * 1,00 = 166 547 697,89
  Y
    3. ak = -719 826 209 341 195 000 000 000 000 000 000 000 000 000 000 000 000 000 000 000 000 000 000 000 000 000 000 000 000 000 000 000 000 000 000 000 000 000 000 000 000 000 000 000 000 000 000 000 000 000 000 000 000 000,00
    4. x[k+1].Y=x[k].Y + ak*h.Y = -719 826 209 341 195 000 000 000 000 000 000 000 000 000 000 000 000 000 000 000 000 000 000 000 000 000 000 000 000 000 000 000 000 000 000 000 000 000 000 000 000 000 000 000 000 000 000 000 000 000 000 000 000 000,00 + -719 826 209 341 195 000 000 000 000 000 000 000 000 000 000 000 000 000 000 000 000 000 000 000 000 000 000 000 000 000 000 000 000 000 000 000 000 000 000 000 000 000 000 000 000 000 000 000 000 000 000 000 000 000,00 * 1,00 = -1 439 652 418 682 390 000 000 000 000 000 000 000 000 000 000 000 000 000 000 000 000 000 000 000 000 000 000 000 000 000 000 000 000 000 000 000 000 000 000 000 000 000 000 000 000 000 000 000 000 000 000 000 000 000,00
> Минимазация по каждой координате
  X:
    3. ak = 166 547 697,86
    4. x[k+1].X=x[k].X + ak*h.X = 166 547 697,89 + 166 547 697,86 * 1,00 = 333 095 395,75
  Y
    3. ak = -1 439 652 418 682 390 000 000 000 000 000 000 000 000 000 000 000 000 000 000 000 000 000 000 000 000 000 000 000 000 000 000 000 000 000 000 000 000 000 000 000 000 000 000 000 000 000 000 000 000 000 000 000 000 000,00
    4. x[k+1].Y=x[k].Y + ak*h.Y = -1 439 652 418 682 390 000 000 000 000 000 000 000 000 000 000 000 000 000 000 000 000 000 000 000 000 000 000 000 000 000 000 000 000 000 000 000 000 000 000 000 000 000 000 000 000 000 000 000 000 000 000 000 000 000,00 + -1 439 652 418 682 390 000 000 000 000 000 000 000 000 000 000 000 000 000 000 000 000 000 000 000 000 000 000 000 000 000 000 000 000 000 000 000 000 000 000 000 000 000 000 000 000 000 000 000 000 000 000 000 000 000,00 * 1,00 = -2 879 304 837 364 780 000 000 000 000 000 000 000 000 000 000 000 000 000 000 000 000 000 000 000 000 000 000 000 000 000 000 000 000 000 000 000 000 000 000 000 000 000 000 000 000 000 000 000 000 000 000 000 000 000,00
> Минимазация по каждой координате
  X:
    3. ak = 333 095 395,72
    4. x[k+1].X=x[k].X + ak*h.X = 333 095 395,75 + 333 095 395,72 * 1,00 = 666 190 791,47
  Y
    3. ak = -2 879 304 837 364 780 000 000 000 000 000 000 000 000 000 000 000 000 000 000 000 000 000 000 000 000 000 000 000 000 000 000 000 000 000 000 000 000 000 000 000 000 000 000 000 000 000 000 000 000 000 000 000 000 000,00
    4. x[k+1].Y=x[k].Y + ak*h.Y = -2 879 304 837 364 780 000 000 000 000 000 000 000 000 000 000 000 000 000 000 000 000 000 000 000 000 000 000 000 000 000 000 000 000 000 000 000 000 000 000 000 000 000 000 000 000 000 000 000 000 000 000 000 000 000,00 + -2 879 304 837 364 780 000 000 000 000 000 000 000 000 000 000 000 000 000 000 000 000 000 000 000 000 000 000 000 000 000 000 000 000 000 000 000 000 000 000 000 000 000 000 000 000 000 000 000 000 000 000 000 000 000,00 * 1,00 = -5 758 609 674 729 560 000 000 000 000 000 000 000 000 000 000 000 000 000 000 000 000 000 000 000 000 000 000 000 000 000 000 000 000 000 000 000 000 000 000 000 000 000 000 000 000 000 000 000 000 000 000 000 000 000,00
> Минимазация по каждой координате
  X:
    3. ak = 666 190 791,44
    4. x[k+1].X=x[k].X + ak*h.X = 666 190 791,47 + 666 190 791,44 * 1,00 = 1 332 381 582,91
  Y
    3. ak = -5 758 609 674 729 560 000 000 000 000 000 000 000 000 000 000 000 000 000 000 000 000 000 000 000 000 000 000 000 000 000 000 000 000 000 000 000 000 000 000 000 000 000 000 000 000 000 000 000 000 000 000 000 000 000,00
    4. x[k+1].Y=x[k].Y + ak*h.Y = -5 758 609 674 729 560 000 000 000 000 000 000 000 000 000 000 000 000 000 000 000 000 000 000 000 000 000 000 000 000 000 000 000 000 000 000 000 000 000 000 000 000 000 000 000 000 000 000 000 000 000 000 000 000 000,00 + -5 758 609 674 729 560 000 000 000 000 000 000 000 000 000 000 000 000 000 000 000 000 000 000 000 000 000 000 000 000 000 000 000 000 000 000 000 000 000 000 000 000 000 000 000 000 000 000 000 000 000 000 000 000 000,00 * 1,00 = -11 517 219 349 459 100 000 000 000 000 000 000 000 000 000 000 000 000 000 000 000 000 000 000 000 000 000 000 000 000 000 000 000 000 000 000 000 000 000 000 000 000 000 000 000 000 000 000 000 000 000 000 000 000 000,00
> Минимазация по каждой координате
  X:
    3. ak = 1 332 381 582,88
    4. x[k+1].X=x[k].X + ak*h.X = 1 332 381 582,91 + 1 332 381 582,88 * 1,00 = 2 664 763 165,78
  Y
    3. ak = -11 517 219 349 459 100 000 000 000 000 000 000 000 000 000 000 000 000 000 000 000 000 000 000 000 000 000 000 000 000 000 000 000 000 000 000 000 000 000 000 000 000 000 000 000 000 000 000 000 000 000 000 000 000 000,00
    4. x[k+1].Y=x[k].Y + ak*h.Y = -11 517 219 349 459 100 000 000 000 000 000 000 000 000 000 000 000 000 000 000 000 000 000 000 000 000 000 000 000 000 000 000 000 000 000 000 000 000 000 000 000 000 000 000 000 000 000 000 000 000 000 000 000 000 000,00 + -11 517 219 349 459 100 000 000 000 000 000 000 000 000 000 000 000 000 000 000 000 000 000 000 000 000 000 000 000 000 000 000 000 000 000 000 000 000 000 000 000 000 000 000 000 000 000 000 000 000 000 000 000 000 000,00 * 1,00 = -23 034 438 698 918 200 000 000 000 000 000 000 000 000 000 000 000 000 000 000 000 000 000 000 000 000 000 000 000 000 000 000 000 000 000 000 000 000 000 000 000 000 000 000 000 000 000 000 000 000 000 000 000 000 000,00
> Минимазация по каждой координате
  X:
    3. ak = 2 664 763 165,75
    4. x[k+1].X=x[k].X + ak*h.X = 2 664 763 165,78 + 2 664 763 165,75 * 1,00 = 5 329 526 331,53
  Y
    3. ak = -23 034 438 698 918 200 000 000 000 000 000 000 000 000 000 000 000 000 000 000 000 000 000 000 000 000 000 000 000 000 000 000 000 000 000 000 000 000 000 000 000 000 000 000 000 000 000 000 000 000 000 000 000 000 000,00
    4. x[k+1].Y=x[k].Y + ak*h.Y = -23 034 438 698 918 200 000 000 000 000 000 000 000 000 000 000 000 000 000 000 000 000 000 000 000 000 000 000 000 000 000 000 000 000 000 000 000 000 000 000 000 000 000 000 000 000 000 000 000 000 000 000 000 000 000,00 + -23 034 438 698 918 200 000 000 000 000 000 000 000 000 000 000 000 000 000 000 000 000 000 000 000 000 000 000 000 000 000 000 000 000 000 000 000 000 000 000 000 000 000 000 000 000 000 000 000 000 000 000 000 000 000,00 * 1,00 = -46 068 877 397 836 500 000 000 000 000 000 000 000 000 000 000 000 000 000 000 000 000 000 000 000 000 000 000 000 000 000 000 000 000 000 000 000 000 000 000 000 000 000 000 000 000 000 000 000 000 000 000 000 000 000,00
> Минимазация по каждой координате
  X:
    3. ak = 5 329 526 331,50
    4. x[k+1].X=x[k].X + ak*h.X = 5 329 526 331,53 + 5 329 526 331,50 * 1,00 = 10 659 052 663,03
  Y
    3. ak = -46 068 877 397 836 500 000 000 000 000 000 000 000 000 000 000 000 000 000 000 000 000 000 000 000 000 000 000 000 000 000 000 000 000 000 000 000 000 000 000 000 000 000 000 000 000 000 000 000 000 000 000 000 000 000,00
    4. x[k+1].Y=x[k].Y + ak*h.Y = -46 068 877 397 836 500 000 000 000 000 000 000 000 000 000 000 000 000 000 000 000 000 000 000 000 000 000 000 000 000 000 000 000 000 000 000 000 000 000 000 000 000 000 000 000 000 000 000 000 000 000 000 000 000 000,00 + -46 068 877 397 836 500 000 000 000 000 000 000 000 000 000 000 000 000 000 000 000 000 000 000 000 000 000 000 000 000 000 000 000 000 000 000 000 000 000 000 000 000 000 000 000 000 000 000 000 000 000 000 000 000 000,00 * 1,00 = -92 137 754 795 672 900 000 000 000 000 000 000 000 000 000 000 000 000 000 000 000 000 000 000 000 000 000 000 000 000 000 000 000 000 000 000 000 000 000 000 000 000 000 000 000 000 000 000 000 000 000 000 000 000 000,00
> Минимазация по каждой координате
  X:
    3. ak = 10 659 052 663,00
    4. x[k+1].X=x[k].X + ak*h.X = 10 659 052 663,03 + 10 659 052 663,00 * 1,00 = 21 318 105 326,04
  Y
    3. ak = -92 137 754 795 672 900 000 000 000 000 000 000 000 000 000 000 000 000 000 000 000 000 000 000 000 000 000 000 000 000 000 000 000 000 000 000 000 000 000 000 000 000 000 000 000 000 000 000 000 000 000 000 000 000 000,00
    4. x[k+1].Y=x[k].Y + ak*h.Y = -92 137 754 795 672 900 000 000 000 000 000 000 000 000 000 000 000 000 000 000 000 000 000 000 000 000 000 000 000 000 000 000 000 000 000 000 000 000 000 000 000 000 000 000 000 000 000 000 000 000 000 000 000 000 000,00 + -92 137 754 795 672 900 000 000 000 000 000 000 000 000 000 000 000 000 000 000 000 000 000 000 000 000 000 000 000 000 000 000 000 000 000 000 000 000 000 000 000 000 000 000 000 000 000 000 000 000 000 000 000 000 000,00 * 1,00 = -184 275 509 591 346 000 000 000 000 000 000 000 000 000 000 000 000 000 000 000 000 000 000 000 000 000 000 000 000 000 000 000 000 000 000 000 000 000 000 000 000 000 000 000 000 000 000 000 000 000 000 000 000 000 000,00
> Минимазация по каждой координате
  X:
    3. ak = 21 318 105 326,01
    4. x[k+1].X=x[k].X + ak*h.X = 21 318 105 326,04 + 21 318 105 326,01 * 1,00 = 42 636 210 652,05
  Y
    3. ak = -184 275 509 591 346 000 000 000 000 000 000 000 000 000 000 000 000 000 000 000 000 000 000 000 000 000 000 000 000 000 000 000 000 000 000 000 000 000 000 000 000 000 000 000 000 000 000 000 000 000 000 000 000 000 000,00
    4. x[k+1].Y=x[k].Y + ak*h.Y = -184 275 509 591 346 000 000 000 000 000 000 000 000 000 000 000 000 000 000 000 000 000 000 000 000 000 000 000 000 000 000 000 000 000 000 000 000 000 000 000 000 000 000 000 000 000 000 000 000 000 000 000 000 000 000,00 + -184 275 509 591 346 000 000 000 000 000 000 000 000 000 000 000 000 000 000 000 000 000 000 000 000 000 000 000 000 000 000 000 000 000 000 000 000 000 000 000 000 000 000 000 000 000 000 000 000 000 000 000 000 000 000,00 * 1,00 = -368 551 019 182 692 000 000 000 000 000 000 000 000 000 000 000 000 000 000 000 000 000 000 000 000 000 000 000 000 000 000 000 000 000 000 000 000 000 000 000 000 000 000 000 000 000 000 000 000 000 000 000 000 000 000,00
> Минимазация по каждой координате
  X:
    3. ak = 42 636 210 652,01
    4. x[k+1].X=x[k].X + ak*h.X = 42 636 210 652,05 + 42 636 210 652,01 * 1,00 = 85 272 421 304,06
  Y
    3. ak = -368 551 019 182 692 000 000 000 000 000 000 000 000 000 000 000 000 000 000 000 000 000 000 000 000 000 000 000 000 000 000 000 000 000 000 000 000 000 000 000 000 000 000 000 000 000 000 000 000 000 000 000 000 000 000,00
    4. x[k+1].Y=x[k].Y + ak*h.Y = -368 551 019 182 692 000 000 000 000 000 000 000 000 000 000 000 000 000 000 000 000 000 000 000 000 000 000 000 000 000 000 000 000 000 000 000 000 000 000 000 000 000 000 000 000 000 000 000 000 000 000 000 000 000 000,00 + -368 551 019 182 692 000 000 000 000 000 000 000 000 000 000 000 000 000 000 000 000 000 000 000 000 000 000 000 000 000 000 000 000 000 000 000 000 000 000 000 000 000 000 000 000 000 000 000 000 000 000 000 000 000 000,00 * 1,00 = -737 102 038 365 383 000 000 000 000 000 000 000 000 000 000 000 000 000 000 000 000 000 000 000 000 000 000 000 000 000 000 000 000 000 000 000 000 000 000 000 000 000 000 000 000 000 000 000 000 000 000 000 000 000 000,00
> Минимазация по каждой координате
  X:
    3. ak = 85 272 421 304,03
    4. x[k+1].X=x[k].X + ak*h.X = 85 272 421 304,06 + 85 272 421 304,03 * 1,00 = 170 544 842 608,09
  Y
    3. ak = -737 102 038 365 383 000 000 000 000 000 000 000 000 000 000 000 000 000 000 000 000 000 000 000 000 000 000 000 000 000 000 000 000 000 000 000 000 000 000 000 000 000 000 000 000 000 000 000 000 000 000 000 000 000 000,00
    4. x[k+1].Y=x[k].Y + ak*h.Y = -737 102 038 365 383 000 000 000 000 000 000 000 000 000 000 000 000 000 000 000 000 000 000 000 000 000 000 000 000 000 000 000 000 000 000 000 000 000 000 000 000 000 000 000 000 000 000 000 000 000 000 000 000 000 000,00 + -737 102 038 365 383 000 000 000 000 000 000 000 000 000 000 000 000 000 000 000 000 000 000 000 000 000 000 000 000 000 000 000 000 000 000 000 000 000 000 000 000 000 000 000 000 000 000 000 000 000 000 000 000 000 000,00 * 1,00 = -1 474 204 076 730 770 000 000 000 000 000 000 000 000 000 000 000 000 000 000 000 000 000 000 000 000 000 000 000 000 000 000 000 000 000 000 000 000 000 000 000 000 000 000 000 000 000 000 000 000 000 000 000 000 000 000,00
> Минимазация по каждой координате
  X:
    3. ak = 170 544 842 608,06
    4. x[k+1].X=x[k].X + ak*h.X = 170 544 842 608,09 + 170 544 842 608,06 * 1,00 = 341 089 685 216,15
  Y
    3. ak = -1 474 204 076 730 770 000 000 000 000 000 000 000 000 000 000 000 000 000 000 000 000 000 000 000 000 000 000 000 000 000 000 000 000 000 000 000 000 000 000 000 000 000 000 000 000 000 000 000 000 000 000 000 000 000 000,00
    4. x[k+1].Y=x[k].Y + ak*h.Y = -1 474 204 076 730 770 000 000 000 000 000 000 000 000 000 000 000 000 000 000 000 000 000 000 000 000 000 000 000 000 000 000 000 000 000 000 000 000 000 000 000 000 000 000 000 000 000 000 000 000 000 000 000 000 000 000,00 + -1 474 204 076 730 770 000 000 000 000 000 000 000 000 000 000 000 000 000 000 000 000 000 000 000 000 000 000 000 000 000 000 000 000 000 000 000 000 000 000 000 000 000 000 000 000 000 000 000 000 000 000 000 000 000 000,00 * 1,00 = -2 948 408 153 461 530 000 000 000 000 000 000 000 000 000 000 000 000 000 000 000 000 000 000 000 000 000 000 000 000 000 000 000 000 000 000 000 000 000 000 000 000 000 000 000 000 000 000 000 000 000 000 000 000 000 000,00
> Минимазация по каждой координате
  X:
    3. ak = 341 089 685 216,11
    4. x[k+1].X=x[k].X + ak*h.X = 341 089 685 216,15 + 341 089 685 216,11 * 1,00 = 682 179 370 432,26
  Y
    3. ak = -2 948 408 153 461 530 000 000 000 000 000 000 000 000 000 000 000 000 000 000 000 000 000 000 000 000 000 000 000 000 000 000 000 000 000 000 000 000 000 000 000 000 000 000 000 000 000 000 000 000 000 000 000 000 000 000,00
    4. x[k+1].Y=x[k].Y + ak*h.Y = -2 948 408 153 461 530 000 000 000 000 000 000 000 000 000 000 000 000 000 000 000 000 000 000 000 000 000 000 000 000 000 000 000 000 000 000 000 000 000 000 000 000 000 000 000 000 000 000 000 000 000 000 000 000 000 000,00 + -2 948 408 153 461 530 000 000 000 000 000 000 000 000 000 000 000 000 000 000 000 000 000 000 000 000 000 000 000 000 000 000 000 000 000 000 000 000 000 000 000 000 000 000 000 000 000 000 000 000 000 000 000 000 000 000,00 * 1,00 = -5 896 816 306 923 070 000 000 000 000 000 000 000 000 000 000 000 000 000 000 000 000 000 000 000 000 000 000 000 000 000 000 000 000 000 000 000 000 000 000 000 000 000 000 000 000 000 000 000 000 000 000 000 000 000 000,00
> Минимазация по каждой координате
  X:
    3. ak = 682 179 370 432,23
    4. x[k+1].X=x[k].X + ak*h.X = 682 179 370 432,26 + 682 179 370 432,23 * 1,00 = 1 364 358 740 864,49
  Y
    3. ak = -5 896 816 306 923 070 000 000 000 000 000 000 000 000 000 000 000 000 000 000 000 000 000 000 000 000 000 000 000 000 000 000 000 000 000 000 000 000 000 000 000 000 000 000 000 000 000 000 000 000 000 000 000 000 000 000,00
    4. x[k+1].Y=x[k].Y + ak*h.Y = -5 896 816 306 923 070 000 000 000 000 000 000 000 000 000 000 000 000 000 000 000 000 000 000 000 000 000 000 000 000 000 000 000 000 000 000 000 000 000 000 000 000 000 000 000 000 000 000 000 000 000 000 000 000 000 000,00 + -5 896 816 306 923 070 000 000 000 000 000 000 000 000 000 000 000 000 000 000 000 000 000 000 000 000 000 000 000 000 000 000 000 000 000 000 000 000 000 000 000 000 000 000 000 000 000 000 000 000 000 000 000 000 000 000,00 * 1,00 = -11 793 632 613 846 100 000 000 000 000 000 000 000 000 000 000 000 000 000 000 000 000 000 000 000 000 000 000 000 000 000 000 000 000 000 000 000 000 000 000 000 000 000 000 000 000 000 000 000 000 000 000 000 000 000 000,00
> Минимазация по каждой координате
  X:
    3. ak = 1 364 358 740 864,46
    4. x[k+1].X=x[k].X + ak*h.X = 1 364 358 740 864,49 + 1 364 358 740 864,46 * 1,00 = 2 728 717 481 728,94
  Y
    3. ak = -11 793 632 613 846 100 000 000 000 000 000 000 000 000 000 000 000 000 000 000 000 000 000 000 000 000 000 000 000 000 000 000 000 000 000 000 000 000 000 000 000 000 000 000 000 000 000 000 000 000 000 000 000 000 000 000,00
    4. x[k+1].Y=x[k].Y + ak*h.Y = -11 793 632 613 846 100 000 000 000 000 000 000 000 000 000 000 000 000 000 000 000 000 000 000 000 000 000 000 000 000 000 000 000 000 000 000 000 000 000 000 000 000 000 000 000 000 000 000 000 000 000 000 000 000 000 000,00 + -11 793 632 613 846 100 000 000 000 000 000 000 000 000 000 000 000 000 000 000 000 000 000 000 000 000 000 000 000 000 000 000 000 000 000 000 000 000 000 000 000 000 000 000 000 000 000 000 000 000 000 000 000 000 000 000,00 * 1,00 = -23 587 265 227 692 300 000 000 000 000 000 000 000 000 000 000 000 000 000 000 000 000 000 000 000 000 000 000 000 000 000 000 000 000 000 000 000 000 000 000 000 000 000 000 000 000 000 000 000 000 000 000 000 000 000 000,00
> Минимазация по каждой координате
  X:
    3. ak = 2 728 717 481 728,91
    4. x[k+1].X=x[k].X + ak*h.X = 2 728 717 481 728,94 + 2 728 717 481 728,91 * 1,00 = 5 457 434 963 457,86
  Y
    3. ak = -23 587 265 227 692 300 000 000 000 000 000 000 000 000 000 000 000 000 000 000 000 000 000 000 000 000 000 000 000 000 000 000 000 000 000 000 000 000 000 000 000 000 000 000 000 000 000 000 000 000 000 000 000 000 000 000,00
    4. x[k+1].Y=x[k].Y + ak*h.Y = -23 587 265 227 692 300 000 000 000 000 000 000 000 000 000 000 000 000 000 000 000 000 000 000 000 000 000 000 000 000 000 000 000 000 000 000 000 000 000 000 000 000 000 000 000 000 000 000 000 000 000 000 000 000 000 000,00 + -23 587 265 227 692 300 000 000 000 000 000 000 000 000 000 000 000 000 000 000 000 000 000 000 000 000 000 000 000 000 000 000 000 000 000 000 000 000 000 000 000 000 000 000 000 000 000 000 000 000 000 000 000 000 000 000,00 * 1,00 = -47 174 530 455 384 500 000 000 000 000 000 000 000 000 000 000 000 000 000 000 000 000 000 000 000 000 000 000 000 000 000 000 000 000 000 000 000 000 000 000 000 000 000 000 000 000 000 000 000 000 000 000 000 000 000 000,00
> Минимазация по каждой координате
  X:
    3. ak = 5 457 434 963 457,82
    4. x[k+1].X=x[k].X + ak*h.X = 5 457 434 963 457,86 + 5 457 434 963 457,82 * 1,00 = 10 914 869 926 915,70
  Y
    3. ak = -47 174 530 455 384 500 000 000 000 000 000 000 000 000 000 000 000 000 000 000 000 000 000 000 000 000 000 000 000 000 000 000 000 000 000 000 000 000 000 000 000 000 000 000 000 000 000 000 000 000 000 000 000 000 000 000,00
    4. x[k+1].Y=x[k].Y + ak*h.Y = -47 174 530 455 384 500 000 000 000 000 000 000 000 000 000 000 000 000 000 000 000 000 000 000 000 000 000 000 000 000 000 000 000 000 000 000 000 000 000 000 000 000 000 000 000 000 000 000 000 000 000 000 000 000 000 000,00 + -47 174 530 455 384 500 000 000 000 000 000 000 000 000 000 000 000 000 000 000 000 000 000 000 000 000 000 000 000 000 000 000 000 000 000 000 000 000 000 000 000 000 000 000 000 000 000 000 000 000 000 000 000 000 000 000,00 * 1,00 = -94 349 060 910 769 100 000 000 000 000 000 000 000 000 000 000 000 000 000 000 000 000 000 000 000 000 000 000 000 000 000 000 000 000 000 000 000 000 000 000 000 000 000 000 000 000 000 000 000 000 000 000 000 000 000 000,00
> Минимазация по каждой координате
  X:
    3. ak = 10 914 869 926 915,60
    4. x[k+1].X=x[k].X + ak*h.X = 10 914 869 926 915,70 + 10 914 869 926 915,60 * 1,00 = 21 829 739 853 831,30
  Y
    3. ak = -94 349 060 910 769 100 000 000 000 000 000 000 000 000 000 000 000 000 000 000 000 000 000 000 000 000 000 000 000 000 000 000 000 000 000 000 000 000 000 000 000 000 000 000 000 000 000 000 000 000 000 000 000 000 000 000,00
    4. x[k+1].Y=x[k].Y + ak*h.Y = -94 349 060 910 769 100 000 000 000 000 000 000 000 000 000 000 000 000 000 000 000 000 000 000 000 000 000 000 000 000 000 000 000 000 000 000 000 000 000 000 000 000 000 000 000 000 000 000 000 000 000 000 000 000 000 000,00 + -94 349 060 910 769 100 000 000 000 000 000 000 000 000 000 000 000 000 000 000 000 000 000 000 000 000 000 000 000 000 000 000 000 000 000 000 000 000 000 000 000 000 000 000 000 000 000 000 000 000 000 000 000 000 000 000,00 * 1,00 = -188 698 121 821 538 000 000 000 000 000 000 000 000 000 000 000 000 000 000 000 000 000 000 000 000 000 000 000 000 000 000 000 000 000 000 000 000 000 000 000 000 000 000 000 000 000 000 000 000 000 000 000 000 000 000 000,00
> Минимазация по каждой координате
  X:
    3. ak = 21 829 739 853 831,30
    4. x[k+1].X=x[k].X + ak*h.X = 21 829 739 853 831,30 + 21 829 739 853 831,30 * 1,00 = 43 659 479 707 662,60
  Y
    3. ak = -188 698 121 821 538 000 000 000 000 000 000 000 000 000 000 000 000 000 000 000 000 000 000 000 000 000 000 000 000 000 000 000 000 000 000 000 000 000 000 000 000 000 000 000 000 000 000 000 000 000 000 000 000 000 000 000,00
    4. x[k+1].Y=x[k].Y + ak*h.Y = -188 698 121 821 538 000 000 000 000 000 000 000 000 000 000 000 000 000 000 000 000 000 000 000 000 000 000 000 000 000 000 000 000 000 000 000 000 000 000 000 000 000 000 000 000 000 000 000 000 000 000 000 000 000 000 000,00 + -188 698 121 821 538 000 000 000 000 000 000 000 000 000 000 000 000 000 000 000 000 000 000 000 000 000 000 000 000 000 000 000 000 000 000 000 000 000 000 000 000 000 000 000 000 000 000 000 000 000 000 000 000 000 000 000,00 * 1,00 = -377 396 243 643 076 000 000 000 000 000 000 000 000 000 000 000 000 000 000 000 000 000 000 000 000 000 000 000 000 000 000 000 000 000 000 000 000 000 000 000 000 000 000 000 000 000 000 000 000 000 000 000 000 000 000 000,00
> Минимазация по каждой координате
  X:
    3. ak = 43 659 479 707 662,60
    4. x[k+1].X=x[k].X + ak*h.X = 43 659 479 707 662,60 + 43 659 479 707 662,60 * 1,00 = 87 318 959 415 325,20
  Y
    3. ak = -377 396 243 643 076 000 000 000 000 000 000 000 000 000 000 000 000 000 000 000 000 000 000 000 000 000 000 000 000 000 000 000 000 000 000 000 000 000 000 000 000 000 000 000 000 000 000 000 000 000 000 000 000 000 000 000,00
    4. x[k+1].Y=x[k].Y + ak*h.Y = -377 396 243 643 076 000 000 000 000 000 000 000 000 000 000 000 000 000 000 000 000 000 000 000 000 000 000 000 000 000 000 000 000 000 000 000 000 000 000 000 000 000 000 000 000 000 000 000 000 000 000 000 000 000 000 000,00 + -377 396 243 643 076 000 000 000 000 000 000 000 000 000 000 000 000 000 000 000 000 000 000 000 000 000 000 000 000 000 000 000 000 000 000 000 000 000 000 000 000 000 000 000 000 000 000 000 000 000 000 000 000 000 000 000,00 * 1,00 = -754 792 487 286 152 000 000 000 000 000 000 000 000 000 000 000 000 000 000 000 000 000 000 000 000 000 000 000 000 000 000 000 000 000 000 000 000 000 000 000 000 000 000 000 000 000 000 000 000 000 000 000 000 000 000 000,00
> Минимазация по каждой координате
  X:
    3. ak = 87 318 959 415 325,20
    4. x[k+1].X=x[k].X + ak*h.X = 87 318 959 415 325,20 + 87 318 959 415 325,20 * 1,00 = 174 637 918 830 650,00
  Y
    3. ak = -754 792 487 286 152 000 000 000 000 000 000 000 000 000 000 000 000 000 000 000 000 000 000 000 000 000 000 000 000 000 000 000 000 000 000 000 000 000 000 000 000 000 000 000 000 000 000 000 000 000 000 000 000 000 000 000,00
    4. x[k+1].Y=x[k].Y + ak*h.Y = -754 792 487 286 152 000 000 000 000 000 000 000 000 000 000 000 000 000 000 000 000 000 000 000 000 000 000 000 000 000 000 000 000 000 000 000 000 000 000 000 000 000 000 000 000 000 000 000 000 000 000 000 000 000 000 000,00 + -754 792 487 286 152 000 000 000 000 000 000 000 000 000 000 000 000 000 000 000 000 000 000 000 000 000 000 000 000 000 000 000 000 000 000 000 000 000 000 000 000 000 000 000 000 000 000 000 000 000 000 000 000 000 000 000,00 * 1,00 = -1 509 584 974 572 300 000 000 000 000 000 000 000 000 000 000 000 000 000 000 000 000 000 000 000 000 000 000 000 000 000 000 000 000 000 000 000 000 000 000 000 000 000 000 000 000 000 000 000 000 000 000 000 000 000 000 000,00
> Минимазация по каждой координате
  X:
    3. ak = 174 637 918 830 650,00
    4. x[k+1].X=x[k].X + ak*h.X = 174 637 918 830 650,00 + 174 637 918 830 650,00 * 1,00 = 349 275 837 661 301,00
  Y
    3. ak = -1 509 584 974 572 300 000 000 000 000 000 000 000 000 000 000 000 000 000 000 000 000 000 000 000 000 000 000 000 000 000 000 000 000 000 000 000 000 000 000 000 000 000 000 000 000 000 000 000 000 000 000 000 000 000 000 000,00
    4. x[k+1].Y=x[k].Y + ak*h.Y = -1 509 584 974 572 300 000 000 000 000 000 000 000 000 000 000 000 000 000 000 000 000 000 000 000 000 000 000 000 000 000 000 000 000 000 000 000 000 000 000 000 000 000 000 000 000 000 000 000 000 000 000 000 000 000 000 000,00 + -1 509 584 974 572 300 000 000 000 000 000 000 000 000 000 000 000 000 000 000 000 000 000 000 000 000 000 000 000 000 000 000 000 000 000 000 000 000 000 000 000 000 000 000 000 000 000 000 000 000 000 000 000 000 000 000 000,00 * 1,00 = -3 019 169 949 144 610 000 000 000 000 000 000 000 000 000 000 000 000 000 000 000 000 000 000 000 000 000 000 000 000 000 000 000 000 000 000 000 000 000 000 000 000 000 000 000 000 000 000 000 000 000 000 000 000 000 000 000,00
> Минимазация по каждой координате
  X:
